615.572984607887 74.02763387629115 377.6808028030123 183.14970106284673 366.3430507638373 
139.39018106315223 558.9449855126469 587.1395545843928 264.01102499018344 92.34179830813223 
26.248477682682907 406.61511836564915 372.0521000583508 75.3093764941748 193.19278264242558 
583.61047664919 426.37476452511936 504.1374592507407 115.05662164899205 247.56463968790152 
337.39208987912997 24.63638638486883 50.358168647540175 103.5286276246407 235.0981972093605 
390.84674178324815 432.2193496990616 377.63564256746986 228.2440028161604 173.61375202432325 
95.62633890635422 503.42830255251096 198.70570963113872 158.06572226877208 156.67962494474082 
82.63646628679643 102.14005892987639 238.5897488656763 289.9277129729231 203.99951060445056 
196.0198226148022 169.89896064561373 99.8779656706401 153.72684433843486 166.14346561558466 
482.7847205629719 432.7785185384184 301.19026573133533 472.7127134942364 23.14765967910171 
224.7648849647911 493.4420946089208 387.07170893312195 522.9012388991641 232.46509231895897 
242.15264620681498 540.2015056041117 561.3416970432422 542.1570852736749 536.5610091664498 
554.0637663813566 425.577924202381 503.5720275099523 66.03259177263037 476.88724899303435 
528.6153201258019 284.4374570554501 385.8175554110719 493.49096842628563 193.68704694985263 
391.8538861749974 509.6034517967431 131.73770411731044 163.42668684110728 456.59869824709887 
562.4562768286922 136.2116294821313 342.4759239705497 526.4509101931428 77.74326209253732 
130.21382569731153 32.121033403489974 464.63084511813264 71.63146934480241 337.16942599369634 
265.5519617250351 399.4482256151328 178.7557906322277 182.54007637654198 202.33767916775153 
521.2524507603064 282.65009304480435 547.33557079381 90.7116014723867 472.7789919338271 
24.535347684126023 394.318386899128 56.26080148142164 528.985469327868 524.0584326719747 
237.99468985854875 325.6128310480634 312.47120569615083 195.5753380220249 479.4859460900087 
243.71383302731502 540.5740740161118 93.57257395829274 177.37443275266983 193.29162535093167 
250.238288096677 170.82053285495508 175.61673570121263 475.097763288332 96.74701091722798 
382.8525035631537 259.6188838204847 357.5219892040223 272.41338949761575 322.3631195918473 
561.5667609503854 54.17311614673822 341.3238508516704 217.1200516670368 186.1057249483386 
138.0198752802678 36.227468989739364 274.9825070893553 577.4630616881896 250.68564385105728 
213.66493800936186 309.62058334281244 299.10706496207814 315.49071334266665 313.4311624052884 
530.5288640310987 447.0364997242267 412.8358401685895 218.46503987108827 330.9283895308564 
467.79413682518333 426.5208592529113 161.26027337996877 457.1504127900676 302.2982552562571 
119.59215202415064 272.89088169436286 293.09588937668025 326.5856525311908 448.3126284723535 
