508.43916336508465 430.20998966050524 384.6532944612656 274.521858854539 270.1441989368784 
315.31946800510474 441.70076777830553 306.2571132917305 422.4208661679699 339.35819627714784 
110.15152320897691 423.5746895646868 95.90529055000789 389.4998410313774 449.61183279922875 
206.43101111703814 247.14579733622753 114.87417010092842 374.7790100539161 310.10091230182746 
175.0370864902419 260.51363910448816 291.397679445944 108.34369760762196 128.34939474751684 
479.6022191714453 168.03764881265653 425.2227442542975 475.0557520070888 125.97911722018762 
76.8963326008698 420.0318852955555 29.16049328779412 153.85095095818463 361.8290408630428 
314.78149185291056 255.73203288373148 376.6651528735953 216.81015274650122 278.6975400469808 
199.84320723954795 462.0979753972325 83.0282993884026 409.18679359236745 110.12211494917467 
165.11004659326744 397.81875749758234 373.72108587344024 352.6168013767948 426.02275542524825 
353.6360556013897 402.0939926547989 335.676645523154 85.56842713168793 450.2700650191687 
443.50288296901704 291.55383016361037 93.86757148308527 248.5085440128794 427.909620708988 
385.4278609144508 215.28622033398818 358.4494258029679 196.13281133522042 247.55629546174433 
356.1265739120289 320.66583752643044 288.12503386346725 149.25486095080657 267.10389402644336 
163.4269880882783 403.88788921310095 168.40998293480303 497.56305362781023 44.17819883070222 
476.47814489413486 315.2269746610834 103.387632472747 508.483010080175 421.55811631239993 
213.9168989179024 235.55473363201105 24.63058161743924 252.9432852740024 61.025272989022874 
361.288786850062 77.1115026698414 378.60040400199216 206.1058263792436 494.76724154834244 
227.16517359160443 16.549193279784703 325.4422099121542 439.33142665620375 173.60180405098674 
295.12062598923603 284.5210707541273 168.15569985386168 472.10219361520774 227.02515425236396 
409.959380789979 95.32792126743965 196.19844013492641 371.683793213519 16.589250365083178 
114.29444498099888 448.1386859398002 125.27524458235283 160.40339421614303 405.6227565378719 
252.83899881813392 202.95235667929046 213.0642245603745 141.03484921336056 493.1255387703416 
502.68067569546787 478.67988345162735 335.6644486046621 169.47017083916614 165.15264940445283 
198.550185647908 225.49129380408522 392.42256697295835 269.23027901590564 414.5856686148295 
171.90551392090407 140.94196840083416 227.36945630823863 287.10287364635684 220.35525233855594 
444.83175205884885 70.47918033649569 87.69896904569556 65.03067805537071 274.4799166666511 
436.66865615922046 212.9088579741417 296.5375029679233 46.10856866382228 203.33548850698622 
189.34782603138865 434.51310346700575 275.73557203413736 327.0480510674528 266.0430090108497 
372.13845088698554 40.05150555688751 80.675188430268 314.6565831565883 484.49883369454767 
