606.7321676699045 515.4457881771589 370.1207091355649 58.170573537058104 247.46366137950363 
156.99729494553674 113.15681648477417 100.7272482892922 252.1791823037106 164.66295445226862 
617.2041682263805 465.75974439620285 415.40197835364273 160.66110437729066 510.05877584280626 
491.56794842845665 603.974483581991 26.10250836510202 122.18663811585134 447.2888652306349 
330.9038927576413 28.482672020449698 317.61881212144743 275.5439718568119 214.20510262175225 
134.75761602900656 70.39090173374758 249.9669378048452 279.3351555674557 406.09706612524644 
420.12066687451807 118.70552486767161 413.8125816426967 320.4083960161222 390.3177003777816 
54.99127651905181 32.61561815619021 418.725546733302 603.0186030144289 285.87085932588934 
162.95306488422412 221.55626299291848 473.3417689496371 20.19280488536648 507.0012311275311 
311.28172251409046 217.55525241094688 46.943322554042325 391.20119306183955 426.70204639666804 
458.25159985207046 325.0250342851687 60.709705872614066 565.82157428448 160.22336425944323 
235.57228843032414 127.59770748565339 242.96772769066294 380.63302942439753 317.8968635884856 
131.39010260087738 196.33704569801031 467.0711636459826 260.15781323595434 320.5407414892293 
192.0621404149978 487.09648151348017 65.84910575806319 113.43599168738221 520.8935900242157 
422.8515840598048 67.19898495966648 47.52103609724523 533.5901636463424 614.3480872272787 
406.57467438290314 375.1424342057575 311.11135562325717 285.0150922212529 156.98610464007294 
414.70070889305214 315.7058961346736 133.10439029832915 602.782684951121 515.70675929503 
618.9900682303962 122.54647626406246 551.6365254023214 246.33587559947208 253.1094400780553 
556.8509643925739 498.90615346739384 362.0730087202346 381.0778559194655 269.6451725889161 
215.47431459193172 64.04308413969851 132.38748676044275 315.4446786129946 280.15357404694134 
405.6201961483031 499.98355629945934 94.24947560508872 227.7536630098917 255.90929742774742 
44.69762805659113 593.5597229567538 533.9041117354907 178.69425149912786 503.2330379156964 
181.4044649572927 207.72600995657217 335.44584957155223 345.7964608592939 333.9774607810731 
513.4466653650784 270.9837978932957 79.46908435037119 431.47362788598247 292.05090643620446 
190.3860312718797 43.41139055163399 505.7199249935629 304.0626350428019 485.7396047343004 
391.99511371374456 373.1943600054002 564.5506835771444 21.326389353684053 511.9562184608676 
537.0270965478053 591.4523808614751 435.83781974324637 69.66263070795966 191.57704498602317 
38.30883239060888 470.21193265488137 434.5904551794122 413.1780233587159 332.50554717577353 
479.68697547569326 575.1024336152268 370.6480394768428 290.11215298241143 238.66489111502142 
272.6224089267698 339.1555427092243 428.41504233749697 296.97871220611523 250.29955385863437 
