140.4620217414963 387.6009308921714 313.10868473276645 464.8920846121429 404.60821204844626 
265.7064157537218 343.8307612228416 497.7076911339464 180.65334996014204 304.4742241276615 
97.57412252443547 91.60097089445745 110.36457281119094 340.7360766432871 507.8235164246161 
321.2353871244864 491.3416346769949 465.0749211808334 401.25465728305784 292.2437487081733 
358.85786993521833 161.0465999524122 110.47420323101841 270.57741294746785 333.1125688236679 
261.08243506927795 150.02277441263521 442.0130090833206 108.84783915018997 127.27580535404502 
395.0939793220523 272.519707834759 89.2831344809693 90.25597528364004 327.42261931821236 
65.19028014650263 291.3204745340621 304.35207373297055 37.79531776759703 434.4389443292587 
273.9735641815782 302.25059888909294 299.6364272470745 43.169174002838645 466.97396717250575 
157.34941033579514 153.12260654346017 73.61467836778294 401.50732118746635 287.0113574356701 
64.27909597059232 27.556529775247796 470.0328583708126 54.92072480172254 348.51069158504777 
76.61963149439148 467.13928873187035 455.7455732050681 173.02083052619992 308.3517502414625 
288.39018762616 290.30913063373794 77.5716055225204 338.7880269730557 289.1120154889127 
364.4732932226938 78.0380127564067 387.2042761894151 430.0778626029429 369.93746900116446 
42.20951562504909 33.76212508599046 462.04012530428986 230.1557906497958 152.29206840213638 
505.7491053587412 26.065105824850544 319.57588178494973 393.5636562608812 463.116857034812 
171.62284275825445 89.40226629258245 133.63655899310015 379.02053850762417 419.38506376536594 
258.0875493496801 481.7794507641832 236.06258352155356 120.68464573676046 349.7545825902628 
242.75233834772197 383.94396261517545 490.5894852044297 488.7525446135505 404.60775937872535 
29.225981734828757 316.5440263843228 483.5502647752993 224.91090406777573 452.90583140683316 
469.53157688468696 358.1698071415791 104.83228680602029 176.50901976295063 469.71041631794304 
114.36345255619672 65.56574658734942 422.401705367039 483.47698058796385 132.73724098735633 
266.52501152217593 339.02614881916554 253.9091680686839 246.0241189725032 129.77199752464912 
86.76245927261111 91.54283810435942 142.7099623603626 260.12984920500764 505.1195307397775 
177.4347529383759 384.2153589816368 475.43403833522734 206.9586162686196 55.46500742388915 
443.83661143717586 386.374382633348 70.45239388742152 315.83200763339124 300.6487515028291 
90.38136356456754 224.4827824097339 96.6933891724863 246.5738959546328 169.0097064873275 
248.18059569058025 155.9055451594854 189.81798490798928 303.2724491055761 430.31020774407204 
389.81541917171614 362.8791169904949 446.3784652807219 59.20223908244409 301.05724429602895 
468.3304516615568 118.32685270368981 338.93752236832785 42.30763398994407 420.58094887780936 
